[PAT NO. 1020]


[ Input Random Setting ]

[ Minimum ] :                                                                                        -0.5000000000
[ Maximum ] :                                                                                         0.5000000000

[========]
[ Option ]
[========]

[ opt ] 1
[ tanh    ] [ Replication ]

[=======]
[ Input ]
[=======]

[ IMAGE #1 ]

[1]        0        1        2        3        4     [2]        0        1        2        3        4     [3]        0        1        2        3        4     
_________________________________________________    _________________________________________________    _________________________________________________    
 0|   -0.500   -0.500   -0.500   -0.500   -0.500      0|   -0.500   -0.500   -0.500   -0.500   -0.500      0|   -0.500   -0.500   -0.500   -0.500   -0.500     
 1|   -0.500   -0.500   -0.500   -0.500   -0.500      1|   -0.500   -0.500   -0.500   -0.500   -0.500      1|   -0.500   -0.500   -0.500   -0.500   -0.500     
 2|   -0.500   -0.500   -0.500   -0.500   -0.500      2|   -0.500   -0.500   -0.500   -0.500   -0.500      2|   -0.500   -0.500   -0.500   -0.500   -0.500     
 3|   -0.500   -0.500   -0.500   -0.500   -0.500      3|   -0.500   -0.500   -0.500   -0.500   -0.500      3|   -0.500   -0.500   -0.500   -0.500   -0.500     
 4|   -0.500   -0.500   -0.500   -0.500   -0.500      4|   -0.500   -0.500   -0.500   -0.500   -0.500      4|   -0.500   -0.500   -0.500   -0.500   -0.500     


[========]
[ Kernel ]
[========]

[channel 1]

[1]        0        1     [2]        0        1     [3]        0        1     
______________________    ______________________    ______________________    
 0|   -0.500   -0.500      0|   -0.500   -0.500      0|   -0.500   -0.500     
 1|   -0.500   -0.500      1|   -0.500   -0.500      1|   -0.500   -0.500     

[channel 2]

[1]        0        1     [2]        0        1     [3]        0        1     
______________________    ______________________    ______________________    
 0|   -0.500   -0.500      0|   -0.500   -0.500      0|   -0.500   -0.500     
 1|   -0.500   -0.500      1|   -0.500   -0.500      1|   -0.500   -0.500     


[========]
[ Weight ]
[========]

[W]        0        1        2        3        4        5        6        7     
____________________________________________________________________________    
 1|   -0.500   -0.500   -0.500   -0.500   -0.500   -0.500   -0.500   -0.500     
 2|   -0.500   -0.500   -0.500   -0.500   -0.500   -0.500   -0.500   -0.500     
 3|   -0.500   -0.500   -0.500   -0.500   -0.500   -0.500   -0.500   -0.500     

