[PAT NO. 1020]


[========]
[ Option ]
[========]

[ opt ] 1
[ tanh    ] [ Replication ]

[=========]
[ Padding ]
[=========]

[ IMAGE #1 ]

[1]        0        1        2        3        4        5        6     [2]        0        1        2        3        4        5        6     [3]        0        1        2        3        4        5        6     
___________________________________________________________________    ___________________________________________________________________    ___________________________________________________________________    
 0|   -0.500   -0.500   -0.500   -0.500   -0.500   -0.500   -0.500      0|   -0.500   -0.500   -0.500   -0.500   -0.500   -0.500   -0.500      0|   -0.500   -0.500   -0.500   -0.500   -0.500   -0.500   -0.500     
 1|   -0.500   -0.500   -0.500   -0.500   -0.500   -0.500   -0.500      1|   -0.500   -0.500   -0.500   -0.500   -0.500   -0.500   -0.500      1|   -0.500   -0.500   -0.500   -0.500   -0.500   -0.500   -0.500     
 2|   -0.500   -0.500   -0.500   -0.500   -0.500   -0.500   -0.500      2|   -0.500   -0.500   -0.500   -0.500   -0.500   -0.500   -0.500      2|   -0.500   -0.500   -0.500   -0.500   -0.500   -0.500   -0.500     
 3|   -0.500   -0.500   -0.500   -0.500   -0.500   -0.500   -0.500      3|   -0.500   -0.500   -0.500   -0.500   -0.500   -0.500   -0.500      3|   -0.500   -0.500   -0.500   -0.500   -0.500   -0.500   -0.500     
 4|   -0.500   -0.500   -0.500   -0.500   -0.500   -0.500   -0.500      4|   -0.500   -0.500   -0.500   -0.500   -0.500   -0.500   -0.500      4|   -0.500   -0.500   -0.500   -0.500   -0.500   -0.500   -0.500     
 5|   -0.500   -0.500   -0.500   -0.500   -0.500   -0.500   -0.500      5|   -0.500   -0.500   -0.500   -0.500   -0.500   -0.500   -0.500      5|   -0.500   -0.500   -0.500   -0.500   -0.500   -0.500   -0.500     
 6|   -0.500   -0.500   -0.500   -0.500   -0.500   -0.500   -0.500      6|   -0.500   -0.500   -0.500   -0.500   -0.500   -0.500   -0.500      6|   -0.500   -0.500   -0.500   -0.500   -0.500   -0.500   -0.500     


[=====================]
[ Convolution Partial ]
[=====================]

[ IMAGE #1 ]

[kernel channel 1]

[1]        0        1        2        3        4        5     [2]        0        1        2        3        4        5     [3]        0        1        2        3        4        5     
__________________________________________________________    __________________________________________________________    __________________________________________________________    
 0|    1.000    1.000    1.000    1.000    1.000    1.000      0|    1.000    1.000    1.000    1.000    1.000    1.000      0|    1.000    1.000    1.000    1.000    1.000    1.000     
 1|    1.000    1.000    1.000    1.000    1.000    1.000      1|    1.000    1.000    1.000    1.000    1.000    1.000      1|    1.000    1.000    1.000    1.000    1.000    1.000     
 2|    1.000    1.000    1.000    1.000    1.000    1.000      2|    1.000    1.000    1.000    1.000    1.000    1.000      2|    1.000    1.000    1.000    1.000    1.000    1.000     
 3|    1.000    1.000    1.000    1.000    1.000    1.000      3|    1.000    1.000    1.000    1.000    1.000    1.000      3|    1.000    1.000    1.000    1.000    1.000    1.000     
 4|    1.000    1.000    1.000    1.000    1.000    1.000      4|    1.000    1.000    1.000    1.000    1.000    1.000      4|    1.000    1.000    1.000    1.000    1.000    1.000     
 5|    1.000    1.000    1.000    1.000    1.000    1.000      5|    1.000    1.000    1.000    1.000    1.000    1.000      5|    1.000    1.000    1.000    1.000    1.000    1.000     

[kernel channel 2]

[1]        0        1        2        3        4        5     [2]        0        1        2        3        4        5     [3]        0        1        2        3        4        5     
__________________________________________________________    __________________________________________________________    __________________________________________________________    
 0|    1.000    1.000    1.000    1.000    1.000    1.000      0|    1.000    1.000    1.000    1.000    1.000    1.000      0|    1.000    1.000    1.000    1.000    1.000    1.000     
 1|    1.000    1.000    1.000    1.000    1.000    1.000      1|    1.000    1.000    1.000    1.000    1.000    1.000      1|    1.000    1.000    1.000    1.000    1.000    1.000     
 2|    1.000    1.000    1.000    1.000    1.000    1.000      2|    1.000    1.000    1.000    1.000    1.000    1.000      2|    1.000    1.000    1.000    1.000    1.000    1.000     
 3|    1.000    1.000    1.000    1.000    1.000    1.000      3|    1.000    1.000    1.000    1.000    1.000    1.000      3|    1.000    1.000    1.000    1.000    1.000    1.000     
 4|    1.000    1.000    1.000    1.000    1.000    1.000      4|    1.000    1.000    1.000    1.000    1.000    1.000      4|    1.000    1.000    1.000    1.000    1.000    1.000     
 5|    1.000    1.000    1.000    1.000    1.000    1.000      5|    1.000    1.000    1.000    1.000    1.000    1.000      5|    1.000    1.000    1.000    1.000    1.000    1.000     


[=================]
[ Convolution Sum ]
[=================]

[ IMAGE #1 ]

[kernel channel 1]

[1]        0        1        2        3        4        5     
__________________________________________________________    
 0|    3.000    3.000    3.000    3.000    3.000    3.000 
 1|    3.000    3.000    3.000    3.000    3.000    3.000 
 2|    3.000    3.000    3.000    3.000    3.000    3.000 
 3|    3.000    3.000    3.000    3.000    3.000    3.000 
 4|    3.000    3.000    3.000    3.000    3.000    3.000 
 5|    3.000    3.000    3.000    3.000    3.000    3.000 

[kernel channel 2]

[1]        0        1        2        3        4        5     
__________________________________________________________    
 0|    3.000    3.000    3.000    3.000    3.000    3.000 
 1|    3.000    3.000    3.000    3.000    3.000    3.000 
 2|    3.000    3.000    3.000    3.000    3.000    3.000 
 3|    3.000    3.000    3.000    3.000    3.000    3.000 
 4|    3.000    3.000    3.000    3.000    3.000    3.000 
 5|    3.000    3.000    3.000    3.000    3.000    3.000 


[=============]
[ Max pooling ]
[=============]

[ IMAGE #1 ]

[kernel channel 1]

[1]        0        1     
______________________    
 0|    3.000    3.000 
 1|    3.000    3.000 

[kernel channel 2]

[1]        0        1     
______________________    
 0|    3.000    3.000 
 1|    3.000    3.000 


[============]
[ Activation ]
[============]

[ IMAGE #1 ]

[kernel channel 1]

[1]        0        1     
______________________    
 0|    0.995    0.995 
 1|    0.995    0.995 

[kernel channel 2]

[1]        0        1     
______________________    
 0|    0.995    0.995 
 1|    0.995    0.995 


[===============]
[ Fully Connect ]
[===============]

[W]        0        1        2     
_______________________________    
 1|   -3.980   -3.980   -3.980     


[=========]
[ Softmax ]
[=========]

[W]        0        1        2     
_______________________________    
 1|    0.333    0.333    0.333     


[============]
[ Probabilty ]
[============]

[W]        0        1        2     
_______________________________    
 1|    0.333    0.333    0.333     


[============]
[ Error Check]
[============]

[Is Error or not] : 0
[Output]

 0|    0.3333333    0.3333333    0.3333333 

[Error rate flag] : 
[Formula] : |gold - ans| / gold < 0.00500000

 1|    0.0000000    0.0000000    0.0000000 

[Error rate] : |gold - ans|

 2|    0.0000000    0.0000000    0.0000000 

[Error rate] : gold * 0.00500000

 3|    0.0016667    0.0016667    0.0016667 

[Error flag] : 
[Formula] : |float(ans) - float(gold)| < 0.00010000

 4|    0.0000000    0.0000000    0.0000000 


