[ Auto focus ]

[ 2*2 ]
[ Focus window ]
+------+------+------+
|  R-0 |    0 |    1 |
+------+------+------+
|    0 |   54 |    5 |
|    1 |  212 |  237 |
+------+------+------+

+------+------+------+
|  G-1 |    0 |    1 |
+------+------+------+
|    0 |  251 |  144 |
|    1 |  231 |  100 |
+------+------+------+

+------+------+------+
|  B-2 |    0 |    1 |
+------+------+------+
|    0 |   51 |   48 |
|    1 |   67 |   22 |
+------+------+------+

[ Focus grayscale ]
+------+------+------+
| Gray |    0 |    1 |
+------+------+------+
|    0 |  150 |   85 |
|    1 |  184 |  114 |
+------+------+------+

[ Focus horizontal difference ] : 135       
[ Focus vertical difference   ] : 63        
[ Focus normalized difference ] : 49        

[ 4*4 ]
[ Focus window ]
+------+------+------+------+------+
|  R-0 |    0 |    1 |    2 |    3 |
+------+------+------+------+------+
|    0 |  182 |  220 |   46 |  117 |
|    1 |  215 |   54 |    5 |  139 |
|    2 |   31 |  212 |  237 |   36 |
|    3 |   52 |  250 |  123 |    8 |
+------+------+------+------+------+

+------+------+------+------+------+
|  G-1 |    0 |    1 |    2 |    3 |
+------+------+------+------+------+
|    0 |  133 |  151 |  235 |    6 |
|    1 |   58 |  251 |  144 |  127 |
|    2 |  224 |  231 |  100 |  232 |
|    3 |  221 |  149 |  103 |  247 |
+------+------+------+------+------+

+------+------+------+------+------+
|  B-2 |    0 |    1 |    2 |    3 |
+------+------+------+------+------+
|    0 |  189 |  195 |  206 |  133 |
|    1 |   53 |   51 |   48 |  180 |
|    2 |  101 |   67 |   22 |   10 |
|    3 |   19 |   99 |  155 |   58 |
+------+------+------+------+------+

[ Focus grayscale ]
+------+------+------+------+------+
| Gray |    0 |    1 |    2 |    3 |
+------+------+------+------+------+
|    0 |  158 |  178 |  179 |   65 |
|    1 |   95 |  150 |   85 |  142 |
|    2 |  144 |  184 |  114 |  127 |
|    3 |  127 |  160 |  119 |  139 |
+------+------+------+------+------+

[ Focus horizontal difference ] : 529       
[ Focus vertical difference   ] : 447       
[ Focus normalized difference ] : 61        

[ 6*6 ]
[ Focus window ]
+------+------+------+------+------+------+------+
|  R-0 |    0 |    1 |    2 |    3 |    4 |    5 |
+------+------+------+------+------+------+------+
|    0 |  220 |  166 |   41 |  163 |  118 |    1 |
|    1 |   65 |  182 |  220 |   46 |  117 |  213 |
|    2 |   90 |  215 |   54 |    5 |  139 |   40 |
|    3 |  232 |   31 |  212 |  237 |   36 |  185 |
|    4 |  124 |   52 |  250 |  123 |    8 |  122 |
|    5 |   83 |   89 |   24 |    2 |  137 |  101 |
+------+------+------+------+------+------+------+

+------+------+------+------+------+------+------+
|  G-1 |    0 |    1 |    2 |    3 |    4 |    5 |
+------+------+------+------+------+------+------+
|    0 |  214 |  204 |  250 |  173 |  243 |   60 |
|    1 |   60 |  133 |  151 |  235 |    6 |   42 |
|    2 |  205 |   58 |  251 |  144 |  127 |  108 |
|    3 |  214 |  224 |  231 |  100 |  232 |   51 |
|    4 |  161 |  221 |  149 |  103 |  247 |   60 |
|    5 |   38 |  232 |  120 |  201 |  227 |  178 |
+------+------+------+------+------+------+------+

+------+------+------+------+------+------+------+
|  B-2 |    0 |    1 |    2 |    3 |    4 |    5 |
+------+------+------+------+------+------+------+
|    0 |  184 |  159 |   78 |  218 |  171 |  240 |
|    1 |  131 |  189 |  195 |  206 |  133 |   62 |
|    2 |  229 |   53 |   51 |   48 |  180 |   11 |
|    3 |  115 |  101 |   67 |   22 |   10 |  245 |
|    4 |  234 |   19 |   99 |  155 |   58 |  246 |
|    5 |  133 |   46 |   85 |  228 |   42 |  162 |
+------+------+------+------+------+------+------+

[ Focus grayscale ]
+------+------+------+------+------+------+------+
| Gray |    0 |    1 |    2 |    3 |    4 |    5 |
+------+------+------+------+------+------+------+
|    0 |  208 |  182 |  154 |  180 |  192 |   90 |
|    1 |   78 |  158 |  178 |  179 |   65 |   89 |
|    2 |  181 |   95 |  150 |   85 |  142 |   66 |
|    3 |  193 |  144 |  184 |  114 |  127 |  132 |
|    4 |  169 |  127 |  160 |  119 |  139 |  121 |
|    5 |   72 |  149 |   87 |  157 |  157 |  154 |
+------+------+------+------+------+------+------+

[ Focus horizontal difference ] : 1315      
[ Focus vertical difference   ] : 1274      
[ Focus normalized difference ] : 71        

[ Max contrast index / value  ] : 2  / 6 
[ Your max contrast ] : 14
