+--------------+--------------+
|      Pat No. |           72 |
+--------------+--------------+
|      Pic No. |            1 |
|         Mode |            0 |
+--------------+--------------+

+------+------+------+------+------+------+------+------+------+------+------+------+------+------+------+------+------+------+------+------+------+------+------+------+------+------+------+------+------+------+------+------+------+
|  R-0 |    0 |    1 |    2 |    3 |    4 |    5 |    6 |    7 |    8 |    9 |   10 |   11 |   12 |   13 |   14 |   15 |   16 |   17 |   18 |   19 |   20 |   21 |   22 |   23 |   24 |   25 |   26 |   27 |   28 |   29 |   30 |   31 |
+------+------+------+------+------+------+------+------+------+------+------+------+------+------+------+------+------+------+------+------+------+------+------+------+------+------+------+------+------+------+------+------+------+
|    0 |  131 |  172 |  130 |  255 |  135 |  121 |  181 |   79 |  169 |    3 |  192 |   11 |  176 |   45 |  151 |  118 |   52 |  253 |   89 |  209 |  143 |   60 |  236 |  236 |   73 |  226 |  158 |   21 |  203 |  247 |   11 |  210 |
|    1 |  135 |    5 |   81 |  103 |  134 |    0 |   63 |   75 |  185 |  122 |  236 |  202 |  213 |  163 |   78 |   73 |  249 |  134 |   11 |  248 |  140 |  209 |    5 |  241 |  210 |   55 |   61 |  196 |  184 |  206 |  168 |   32 |
|    2 |   64 |  177 |  157 |   71 |   39 |  213 |   52 |  128 |   55 |   37 |  144 |  229 |   44 |  180 |  159 |   96 |   36 |  111 |  119 |  189 |   81 |  122 |  232 |   70 |   74 |  254 |   17 |   54 |  165 |   91 |   19 |    5 |
|    3 |   68 |  104 |   20 |   84 |  142 |   72 |   33 |  216 |   54 |  226 |  134 |  198 |   76 |  109 |   64 |  213 |  191 |  143 |  178 |   13 |   17 |  225 |   80 |   80 |  229 |   82 |  164 |  175 |  252 |   37 |  115 |  184 |
|    4 |   33 |   72 |   19 |  108 |  226 |  140 |   65 |  197 |  183 |  186 |  162 |  105 |  193 |  183 |  105 |  190 |   52 |   44 |  170 |   85 |  221 |  166 |  171 |  175 |  151 |  106 |   69 |  147 |  141 |  144 |    4 |   94 |
|    5 |  167 |  239 |  172 |   33 |  166 |  232 |   71 |   85 |  239 |   41 |  108 |  198 |   57 |  152 |   18 |   38 |   77 |   82 |  183 |  249 |  244 |  159 |  149 |  214 |  144 |  185 |   14 |   72 |  228 |  125 |   68 |  180 |
|    6 |    0 |   34 |  180 |   18 |  106 |  128 |  238 |  231 |  144 |  129 |  114 |  112 |   77 |    9 |  220 |  116 |    7 |  108 |   45 |  183 |   63 |   92 |   34 |   87 |   14 |  152 |  152 |  122 |   97 |  114 |   71 |  166 |
|    7 |   47 |  200 |    6 |  174 |  119 |  130 |  242 |  210 |   34 |   32 |  168 |  184 |    8 |  141 |  196 |  128 |   43 |  187 |   79 |  222 |  132 |   67 |  112 |  234 |   58 |  123 |  119 |  223 |  147 |  193 |  143 |   79 |
|    8 |   90 |  106 |   35 |   15 |  150 |  211 |  235 |  242 |   80 |   25 |  249 |  203 |   92 |  228 |  225 |  253 |  193 |   97 |  124 |   66 |   47 |  250 |  178 |   98 |    1 |   20 |  163 |  152 |  211 |  246 |   46 |  218 |
|    9 |   78 |   66 |   85 |  251 |   47 |  248 |  203 |  197 |  100 |   93 |   21 |  181 |  122 |    4 |  170 |  142 |  187 |  130 |  135 |   55 |   28 |    8 |    6 |   84 |    5 |   44 |   31 |   43 |  218 |   58 |  113 |  173 |
|   10 |   72 |  244 |  210 |  173 |  208 |   53 |  123 |   87 |  120 |  144 |   18 |   42 |   24 |  174 |  234 |  206 |  222 |  204 |   73 |   53 |   38 |   54 |  191 |  111 |  248 |  102 |  153 |  157 |  202 |  209 |   10 |  125 |
|   11 |  205 |  136 |   71 |  161 |  217 |   12 |   76 |  215 |   36 |   51 |    0 |  158 |   44 |   64 |    2 |   97 |  107 |  183 |  107 |  117 |  208 |   70 |   75 |  154 |  224 |  176 |  255 |   13 |   75 |  214 |  232 |  188 |
|   12 |  197 |  131 |  128 |   63 |  228 |  139 |   26 |  199 |  159 |  180 |  221 |  123 |  146 |   41 |  149 |  212 |  236 |  212 |  176 |   16 |   99 |  180 |  210 |  205 |  230 |    1 |   18 |  161 |  207 |  225 |  225 |  114 |
|   13 |  156 |  104 |  213 |  247 |  160 |  172 |  183 |  190 |  255 |  163 |  184 |   30 |  144 |  220 |  166 |   41 |  163 |  118 |    1 |  115 |  209 |  180 |  188 |   81 |  241 |   78 |   90 |  204 |   89 |   85 |  217 |    6 |
|   14 |  119 |   79 |   82 |  213 |   26 |  152 |  140 |  155 |  121 |  203 |   61 |   57 |  206 |   65 |  182 |  220 |   46 |  117 |  213 |   19 |  198 |   86 |  251 |  176 |   33 |   44 |  253 |   27 |  159 |  183 |   22 |   53 |
|   15 |  213 |  141 |  182 |  109 |  176 |   77 |  255 |   87 |  117 |  235 |   49 |  252 |  151 |   90 |  215 |   54 |    5 |  139 |   40 |  152 |  210 |   45 |   73 |   93 |   92 |   94 |   64 |  185 |  209 |   94 |   26 |  208 |
|   16 |   32 |   86 |  172 |    6 |   12 |  177 |  200 |   87 |  212 |  238 |   72 |   75 |  224 |  232 |   31 |  212 |  237 |   36 |  185 |  179 |  132 |   55 |  162 |  190 |  167 |  225 |  179 |    2 |   85 |   44 |    4 |  152 |
|   17 |  181 |   62 |   95 |  228 |  116 |   21 |    6 |  101 |  236 |   67 |  159 |  140 |  249 |  124 |   52 |  250 |  123 |    8 |  122 |  211 |  125 |   32 |   21 |  242 |  251 |   14 |  236 |   72 |  132 |   69 |   34 |  216 |
|   18 |  137 |  228 |  216 |   79 |  119 |   25 |  103 |  154 |  226 |  200 |  174 |  194 |  129 |   83 |   89 |   24 |    2 |  137 |  101 |  132 |  133 |   93 |  209 |  152 |  167 |  151 |   16 |   10 |  179 |  208 |  108 |  135 |
|   19 |  100 |   64 |  151 |  164 |  164 |   55 |   39 |  168 |  127 |   10 |   51 |   40 |  234 |   61 |   54 |  104 |  122 |   68 |   14 |  129 |   23 |  238 |   30 |  163 |   91 |  136 |  251 |    2 |  226 |   30 |   12 |  114 |
|   20 |  234 |   55 |  205 |   95 |  214 |  213 |   37 |  155 |  171 |   80 |   54 |  182 |   80 |   91 |  245 |  181 |  196 |  184 |  156 |   83 |   67 |  115 |  144 |  179 |   83 |   69 |   45 |   46 |  118 |  192 |  242 |  208 |
|   21 |   59 |  138 |  218 |  141 |  226 |   14 |  120 |  140 |  176 |  138 |   27 |   89 |  147 |  244 |    6 |  123 |   67 |   77 |   80 |  166 |   82 |  102 |  142 |   14 |   29 |  217 |  186 |  130 |  119 |  123 |   55 |  121 |
|   22 |   36 |  250 |    7 |   58 |  169 |  154 |  253 |  212 |  100 |   71 |  135 |  161 |    5 |   37 |  169 |   68 |  202 |  135 |    8 |   94 |  244 |  103 |  153 |  152 |  191 |   90 |   63 |  238 |  233 |  128 |  241 |  113 |
|   23 |   83 |  192 |   69 |  195 |   11 |  121 |  171 |  107 |  239 |   26 |   98 |  147 |   25 |   88 |  149 |  188 |  164 |  171 |  196 |  127 |  255 |  211 |  240 |  155 |  174 |   52 |   41 |   23 |   96 |    8 |   32 |   55 |
|   24 |  113 |   17 |   52 |  132 |   33 |   71 |  254 |  115 |   63 |   91 |   99 |  247 |  159 |  148 |  217 |   69 |   27 |  247 |  247 |   74 |  243 |   59 |  129 |  230 |  165 |  164 |  129 |   90 |  197 |  211 |  177 |  250 |
|   25 |  217 |    5 |   94 |    8 |   69 |  125 |   47 |  240 |   27 |   20 |  217 |  200 |  148 |  200 |  206 |   70 |  130 |  105 |   44 |   61 |  137 |   17 |  211 |  232 |   12 |   55 |  144 |  123 |  106 |   53 |  235 |  231 |
|   26 |  217 |  133 |  150 |   97 |   14 |  223 |  153 |  186 |    5 |   30 |   82 |   22 |   51 |  164 |   11 |  152 |  170 |  165 |  248 |  243 |   52 |    6 |  149 |  103 |  135 |  224 |  252 |  119 |   49 |   10 |   58 |   35 |
|   27 |  172 |  220 |  119 |  204 |   34 |  133 |  131 |  176 |  201 |   55 |  222 |  163 |  121 |    7 |  121 |   78 |  202 |  162 |   99 |   44 |  144 |   28 |   67 |   56 |  221 |  246 |   21 |  217 |  211 |  124 |  104 |   92 |
|   28 |  167 |   98 |  211 |   10 |   84 |  136 |  185 |  230 |    6 |  227 |   91 |  219 |  167 |  210 |  154 |  135 |  106 |   30 |   15 |  153 |  225 |   43 |  237 |   61 |  159 |  129 |  236 |   99 |   70 |  207 |  170 |   29 |
|   29 |   32 |   25 |  241 |  190 |   80 |   15 |   48 |  235 |  147 |   88 |  110 |  217 |  195 |  188 |  177 |   41 |   52 |   24 |   74 |  159 |  246 |   21 |   74 |  217 |  101 |    0 |  215 |   80 |   46 |  251 |    1 |  174 |
|   30 |  186 |  230 |  112 |  171 |   21 |  236 |  175 |  132 |   24 |   11 |  223 |  142 |  175 |  249 |   24 |  143 |  162 |   23 |  250 |   19 |  159 |  121 |  206 |   53 |  242 |    9 |   41 |  139 |  215 |  245 |  216 |   91 |
|   31 |   85 |  178 |  145 |  176 |   22 |  132 |   34 |  101 |  148 |  132 |  225 |  249 |   65 |  190 |  140 |   57 |  218 |  215 |   71 |  232 |  203 |   82 |  218 |  226 |  102 |   95 |  176 |  205 |   91 |  243 |  109 |  171 |
+------+------+------+------+------+------+------+------+------+------+------+------+------+------+------+------+------+------+------+------+------+------+------+------+------+------+------+------+------+------+------+------+------+

+------+------+------+------+------+------+------+------+------+------+------+------+------+------+------+------+------+------+------+------+------+------+------+------+------+------+------+------+------+------+------+------+------+
|  G-1 |    0 |    1 |    2 |    3 |    4 |    5 |    6 |    7 |    8 |    9 |   10 |   11 |   12 |   13 |   14 |   15 |   16 |   17 |   18 |   19 |   20 |   21 |   22 |   23 |   24 |   25 |   26 |   27 |   28 |   29 |   30 |   31 |
+------+------+------+------+------+------+------+------+------+------+------+------+------+------+------+------+------+------+------+------+------+------+------+------+------+------+------+------+------+------+------+------+------+
|    0 |   60 |   70 |  143 |  208 |   59 |   62 |  239 |  163 |  118 |  195 |  129 |  146 |   95 |  216 |  237 |   26 |  143 |  245 |  129 |   49 |  186 |  189 |  137 |    9 |  132 |   83 |  247 |  105 |   35 |   36 |   25 |  107 |
|    1 |  175 |  243 |  180 |  117 |   41 |  114 |   87 |   29 |   36 |  179 |   67 |   81 |   19 |  198 |   21 |   37 |  217 |  209 |   10 |  172 |  218 |  109 |   99 |  155 |  244 |  169 |   42 |  104 |   42 |  208 |   54 |   64 |
|    2 |  126 |   53 |  229 |  146 |   44 |  168 |   87 |  199 |   30 |  233 |   35 |  215 |  222 |  216 |  141 |   51 |  195 |  204 |  219 |   50 |  122 |  185 |   59 |  248 |  239 |   29 |  125 |   43 |  234 |   16 |   19 |  192 |
|    3 |  102 |  159 |  166 |   80 |  109 |    0 |  178 |  224 |  195 |  233 |   41 |  105 |  117 |   97 |   64 |  120 |  179 |  250 |   37 |   57 |   34 |   86 |  167 |  133 |  230 |  147 |  162 |  198 |   26 |  123 |  234 |  130 |
|    4 |   40 |   87 |  241 |   21 |  176 |  252 |  189 |   64 |  188 |  200 |   76 |  122 |   33 |   39 |    0 |   59 |  190 |   84 |  105 |  126 |   25 |  240 |  239 |  214 |  165 |  214 |   30 |   95 |  112 |  232 |   98 |  185 |
|    5 |   86 |  238 |  155 |  175 |   28 |   38 |  118 |  181 |   63 |   68 |   38 |  103 |  103 |   25 |   13 |   48 |   43 |  156 |  212 |  217 |  228 |   80 |   14 |  197 |  204 |  248 |  148 |   66 |  140 |  205 |  211 |   68 |
|    6 |   83 |  167 |   71 |  191 |   85 |  181 |    7 |  105 |   75 |  225 |   75 |   86 |   30 |  179 |   56 |   23 |  193 |   34 |   63 |   93 |   23 |   84 |   37 |  225 |    0 |  147 |   22 |  210 |   34 |   92 |  129 |  183 |
|    7 |  153 |   55 |  238 |    8 |  124 |  152 |   18 |  223 |  202 |  104 |  158 |  106 |  205 |  199 |   54 |   17 |    7 |    1 |  248 |  170 |  158 |   59 |   91 |   42 |  155 |  241 |  201 |   55 |  163 |   93 |   44 |  219 |
|    8 |  238 |   78 |  168 |  127 |  240 |   59 |  138 |  136 |   88 |   13 |   35 |  224 |  218 |  249 |   46 |  171 |   62 |  210 |  160 |  120 |  209 |   16 |  247 |   17 |   34 |   29 |  217 |  227 |   50 |   80 |  118 |  177 |
|    9 |  149 |  145 |   35 |  225 |   95 |  156 |  236 |   62 |  234 |  151 |   71 |   75 |  113 |   57 |  248 |  101 |  203 |  168 |  246 |   22 |  108 |   75 |  119 |  233 |   16 |   29 |  141 |  116 |   50 |   61 |  192 |   98 |
|   10 |   83 |   64 |  225 |  249 |   20 |  192 |  219 |   93 |  104 |   66 |  216 |  104 |  165 |   84 |  238 |   84 |   85 |  167 |   74 |  189 |  181 |  190 |  138 |  104 |   22 |  149 |    6 |   55 |  248 |  253 |  219 |  174 |
|   11 |  246 |  178 |   42 |   86 |   73 |  227 |  159 |  255 |  226 |  129 |  219 |   38 |   84 |   74 |  174 |    4 |  155 |  169 |    8 |   15 |  238 |   31 |  240 |   92 |  112 |   79 |  216 |   77 |   27 |   41 |   74 |  220 |
|   12 |   66 |   71 |   93 |  214 |  149 |  233 |  194 |  106 |  144 |  112 |   55 |  145 |   79 |  155 |  118 |  235 |  129 |  214 |    5 |  100 |   56 |   68 |  175 |    9 |  137 |   78 |    7 |  219 |  140 |    6 |   21 |  163 |
|   13 |   16 |  145 |   89 |  198 |  166 |  149 |   19 |  187 |  178 |   59 |   32 |  245 |   38 |  214 |  204 |  250 |  173 |  243 |   60 |   27 |  132 |  203 |  188 |   98 |   94 |   99 |   86 |   57 |  204 |  237 |   51 |  246 |
|   14 |  215 |  173 |  123 |  136 |   84 |  222 |  231 |  192 |   36 |  143 |  115 |  253 |  133 |   60 |  133 |  151 |  235 |    6 |   42 |  111 |  207 |   57 |  124 |  111 |  240 |  150 |   88 |  100 |  109 |  169 |  232 |  162 |
|   15 |  127 |  167 |  222 |  148 |  177 |  214 |  176 |   76 |  225 |  155 |  222 |  113 |  152 |  205 |   58 |  251 |  144 |  127 |  108 |   52 |  166 |   68 |    5 |   36 |   37 |   18 |  109 |  135 |  153 |  191 |   12 |   26 |
|   16 |    4 |    0 |  193 |   63 |   75 |  180 |  237 |  111 |  252 |   26 |  194 |    4 |  182 |  214 |  224 |  231 |  100 |  232 |   51 |  226 |  182 |   50 |   46 |  116 |   82 |  105 |   17 |   67 |   52 |  138 |   33 |   61 |
|   17 |  254 |  163 |  113 |   79 |   80 |   76 |   87 |  108 |  171 |    4 |  127 |   12 |  240 |  161 |  221 |  149 |  103 |  247 |   60 |   23 |  145 |  227 |   97 |  158 |   80 |  251 |  232 |   27 |   25 |  217 |  254 |  108 |
|   18 |   10 |  239 |   27 |  221 |  182 |    7 |  242 |   16 |   59 |  146 |   80 |  196 |  199 |   38 |  232 |  120 |  201 |  227 |  178 |  224 |   39 |  240 |  153 |    4 |  178 |  134 |  221 |  253 |  229 |  186 |   56 |   19 |
|   19 |  178 |  163 |  117 |   34 |  175 |  116 |  188 |  226 |   58 |   47 |  246 |  185 |  245 |  223 |   47 |   25 |  161 |  164 |   30 |  188 |  183 |   68 |  234 |  240 |   34 |  135 |   10 |  167 |   63 |   17 |    6 |  241 |
|   20 |  138 |   97 |   31 |  215 |  141 |  150 |  187 |   11 |  100 |   65 |  214 |  166 |  127 |    7 |  254 |  191 |   91 |    2 |  116 |  196 |   88 |  176 |   86 |  186 |  171 |  156 |  167 |   56 |  198 |   43 |   15 |   77 |
|   21 |  144 |  230 |   30 |    8 |  122 |   36 |  156 |  100 |   68 |  222 |  193 |  212 |   99 |   74 |  140 |  238 |  188 |  245 |   47 |  126 |   27 |   61 |   52 |   30 |  244 |   58 |   32 |  234 |  210 |   69 |   63 |  185 |
|   22 |  218 |   34 |  235 |   28 |   77 |  245 |  200 |   79 |  135 |  234 |   51 |   92 |  140 |   17 |  225 |  183 |   40 |  102 |   44 |  242 |  227 |   49 |  191 |   27 |  125 |  223 |  229 |  167 |  147 |   69 |   38 |  254 |
|   23 |  130 |  178 |   60 |   48 |  112 |  105 |    0 |   70 |  202 |  124 |  119 |   36 |  105 |  236 |  154 |  200 |  186 |   56 |  195 |  191 |  210 |  134 |  114 |  165 |   70 |   54 |   23 |  191 |   99 |   46 |  153 |  171 |
|   24 |   44 |  218 |    5 |  242 |   79 |   36 |  214 |  196 |   65 |  142 |  126 |   45 |  100 |    2 |  227 |   72 |   89 |   98 |  200 |   79 |   40 |  124 |  226 |   82 |   24 |   43 |   28 |  116 |   25 |  110 |  102 |  244 |
|   25 |   13 |  196 |   76 |   82 |  230 |  169 |  148 |  167 |  166 |   46 |   28 |  249 |  250 |   18 |  238 |   25 |  137 |  173 |   57 |  255 |  100 |  228 |  201 |  197 |  178 |  226 |  226 |  173 |  192 |   44 |  215 |   40 |
|   26 |  177 |   10 |  104 |   74 |  145 |  139 |  251 |  138 |  160 |   30 |  155 |  223 |  153 |  166 |    8 |   73 |   41 |  171 |  127 |   14 |  144 |   78 |   32 |    4 |    0 |   50 |   53 |   51 |  238 |  124 |  237 |   33 |
|   27 |   40 |  170 |   45 |   13 |  196 |  248 |   75 |  119 |   97 |  224 |  106 |  245 |  166 |  145 |  120 |  120 |  117 |   62 |  100 |   96 |   89 |  142 |  170 |  228 |  208 |  139 |  244 |  190 |  113 |   74 |  182 |  234 |
|   28 |  247 |   84 |    3 |  140 |   22 |  173 |  165 |  164 |  214 |  168 |  126 |  232 |  201 |   86 |   96 |  170 |   92 |  175 |  189 |   27 |   37 |  112 |   80 |  219 |   89 |  190 |  137 |   97 |   75 |    1 |  182 |   98 |
|   29 |   11 |    3 |  157 |  211 |  197 |  192 |  252 |  205 |  149 |   27 |  134 |   61 |  167 |   60 |  240 |    7 |   47 |  148 |  108 |  167 |   42 |   31 |  157 |   73 |   82 |  100 |  100 |  210 |   81 |   86 |  105 |   15 |
|   30 |  118 |  165 |   96 |  210 |  108 |   83 |  182 |    4 |  192 |  220 |   30 |  115 |  187 |   18 |   70 |  177 |   83 |  196 |  122 |  136 |  140 |  241 |   94 |  192 |  188 |  201 |  191 |  248 |   10 |  159 |    8 |  128 |
|   31 |  175 |   44 |  229 |  216 |  238 |   88 |  136 |  161 |  199 |   28 |   24 |   62 |   70 |  157 |  160 |  114 |  203 |    8 |   51 |   47 |  173 |   37 |    4 |  165 |  139 |    9 |  241 |   91 |   61 |  232 |  195 |   67 |
+------+------+------+------+------+------+------+------+------+------+------+------+------+------+------+------+------+------+------+------+------+------+------+------+------+------+------+------+------+------+------+------+------+

+------+------+------+------+------+------+------+------+------+------+------+------+------+------+------+------+------+------+------+------+------+------+------+------+------+------+------+------+------+------+------+------+------+
|  B-2 |    0 |    1 |    2 |    3 |    4 |    5 |    6 |    7 |    8 |    9 |   10 |   11 |   12 |   13 |   14 |   15 |   16 |   17 |   18 |   19 |   20 |   21 |   22 |   23 |   24 |   25 |   26 |   27 |   28 |   29 |   30 |   31 |
+------+------+------+------+------+------+------+------+------+------+------+------+------+------+------+------+------+------+------+------+------+------+------+------+------+------+------+------+------+------+------+------+------+
|    0 |  126 |  195 |  223 |  162 |  127 |  103 |  245 |  246 |   90 |  165 |  212 |   69 |  215 |  146 |   72 |  107 |   53 |   31 |   43 |  136 |   95 |   32 |  183 |   77 |  142 |  110 |   62 |   92 |  156 |  163 |   51 |  220 |
|    1 |  231 |   16 |   52 |  175 |  139 |   34 |  210 |   72 |  177 |   12 |  169 |  148 |  180 |  212 |  243 |   12 |  167 |  180 |  208 |   26 |    1 |  149 |  153 |  125 |  100 |   12 |  127 |  128 |  113 |  247 |  106 |   20 |
|    2 |  110 |   58 |   21 |   27 |   99 |   18 |   70 |   87 |   62 |  239 |  172 |  123 |  164 |  148 |  184 |  166 |  201 |   71 |   44 |  172 |  117 |   89 |  110 |  137 |   61 |  153 |   22 |   99 |  236 |  214 |  249 |   31 |
|    3 |  130 |  174 |  213 |  155 |  105 |   59 |  177 |   80 |  106 |  248 |   20 |  215 |  185 |   66 |  116 |   52 |   58 |   59 |   31 |  225 |  136 |   10 |  216 |  132 |  170 |   83 |  152 |  175 |  249 |  134 |  177 |   77 |
|    4 |   78 |  204 |  176 |  207 |  251 |   62 |   58 |   44 |  187 |  149 |  253 |  245 |   76 |  210 |   23 |  169 |   56 |  249 |   89 |   52 |  165 |  229 |   58 |  253 |  146 |   46 |  227 |  170 |  121 |  220 |  105 |    8 |
|    5 |  171 |  171 |   73 |    7 |  197 |  122 |   78 |   90 |   32 |   38 |  236 |  243 |  202 |  191 |   64 |   68 |  175 |  222 |   46 |  192 |   55 |  194 |  168 |  216 |   65 |  199 |   85 |  177 |   80 |   77 |  116 |  182 |
|    6 |   32 |   99 |  226 |   86 |   48 |   22 |  237 |   60 |  174 |  229 |  252 |  215 |   67 |   37 |   55 |  170 |  152 |  123 |   72 |    2 |  254 |  127 |  168 |   17 |   41 |  131 |  233 |  115 |   45 |  212 |   61 |  236 |
|    7 |  205 |   64 |  104 |  154 |   97 |  187 |   48 |  157 |   44 |  221 |   33 |  174 |  132 |  136 |   42 |  159 |   69 |  135 |  140 |  200 |  131 |  217 |  181 |   68 |  244 |   59 |  209 |  230 |   84 |  127 |   17 |   46 |
|    8 |  143 |  144 |  172 |  123 |   99 |  102 |   49 |  182 |   59 |  126 |  197 |  245 |  189 |  239 |  247 |  208 |   17 |   47 |   70 |   29 |  118 |  176 |  185 |  197 |   90 |  239 |  229 |  175 |   20 |  113 |  142 |  188 |
|    9 |  220 |  228 |  239 |   98 |  112 |  131 |   84 |   54 |  189 |   47 |  104 |  139 |   68 |   75 |   97 |   38 |   20 |  200 |   37 |  166 |  201 |   35 |  162 |   14 |    0 |   64 |  236 |   82 |  230 |   51 |  246 |   29 |
|   10 |   71 |  144 |  228 |  168 |  218 |    1 |  247 |   45 |  249 |  213 |  106 |  147 |  152 |  175 |  207 |   74 |   53 |  178 |  184 |   49 |   71 |  254 |  148 |  229 |  161 |  138 |   81 |  113 |   47 |   66 |  251 |  108 |
|   11 |   73 |  150 |   45 |   54 |  112 |  209 |  215 |  187 |   85 |   49 |   93 |   72 |    4 |   88 |  194 |   80 |   52 |  206 |    6 |   41 |   78 |  121 |  114 |  193 |  235 |  242 |  188 |  229 |   93 |   55 |  221 |   40 |
|   12 |   27 |  143 |   90 |  140 |   31 |  229 |   32 |   16 |   97 |   95 |  209 |  125 |  212 |  212 |  133 |  177 |   48 |  191 |  174 |  155 |  249 |  186 |  212 |  133 |   88 |   80 |  202 |  216 |  134 |   97 |  232 |  179 |
|   13 |   35 |   14 |  215 |  234 |  230 |  183 |   78 |    7 |  163 |  237 |  220 |  198 |  112 |  184 |  159 |   78 |  218 |  171 |  240 |  158 |  119 |  237 |  220 |   50 |  186 |   49 |   51 |   18 |  166 |   53 |   41 |   88 |
|   14 |  161 |  168 |   11 |  109 |  223 |   22 |   45 |  176 |   24 |  173 |  161 |  164 |   37 |  131 |  189 |  195 |  206 |  133 |   62 |  171 |   44 |   33 |   11 |   37 |   33 |  170 |  148 |   35 |  169 |   10 |  242 |  146 |
|   15 |   58 |  242 |   77 |  135 |  148 |   28 |   30 |  236 |   44 |  199 |  116 |  125 |  202 |  229 |   53 |   51 |   48 |  180 |   11 |   48 |  167 |  111 |   11 |  158 |  134 |  197 |   14 |   19 |  116 |  203 |  115 |   12 |
|   16 |  216 |   19 |   51 |  241 |   13 |   79 |  179 |  115 |   53 |  152 |  251 |  107 |  246 |  115 |  101 |   67 |   22 |   10 |  245 |  100 |   93 |  212 |   90 |   65 |  218 |  154 |   21 |  156 |  103 |    8 |  113 |   88 |
|   17 |   82 |  115 |   92 |   85 |  169 |  235 |   73 |  163 |   78 |    4 |  158 |  102 |  237 |  234 |   19 |   99 |  155 |   58 |  246 |  121 |  122 |  236 |  169 |  139 |  253 |  247 |   92 |  103 |  104 |  245 |   31 |   70 |
|   18 |   78 |    4 |  215 |  115 |   43 |  232 |  218 |  151 |   51 |   80 |  161 |  253 |  245 |  133 |   46 |   85 |  228 |   42 |  162 |   84 |  202 |  120 |  156 |  118 |   89 |   68 |  167 |  103 |   68 |  172 |  137 |  153 |
|   19 |   29 |   99 |  159 |  217 |  248 |   47 |   19 |  144 |   76 |  212 |  181 |  229 |   56 |  117 |   58 |  150 |   26 |  137 |  208 |   88 |  150 |   66 |   26 |   24 |   44 |   77 |   13 |  180 |  229 |  153 |   51 |  245 |
|   20 |   37 |   22 |  148 |   34 |  193 |  197 |  250 |  173 |  127 |  194 |  186 |  117 |  196 |  146 |   85 |  211 |  140 |  186 |  188 |  179 |   90 |  154 |   74 |  223 |  217 |   44 |  196 |   93 |  195 |   82 |   75 |  192 |
|   21 |  218 |  225 |  239 |  243 |  226 |  148 |   98 |  223 |  164 |  211 |   99 |  201 |  146 |   57 |  190 |  234 |   57 |   76 |   95 |  242 |   70 |  138 |  235 |   24 |  151 |  245 |  139 |   32 |  140 |  196 |  167 |   27 |
|   22 |   19 |   39 |  200 |   44 |  202 |  234 |  104 |   93 |   40 |   74 |  240 |   65 |  173 |   75 |  106 |  196 |   43 |    9 |  135 |  215 |  115 |  128 |  176 |   67 |  127 |  201 |  102 |  218 |    7 |   32 |   80 |   15 |
|   23 |  157 |   14 |   24 |  231 |   88 |  221 |  186 |    0 |   34 |  242 |  215 |  164 |  231 |  197 |    4 |  218 |  250 |  114 |  221 |  205 |  186 |  191 |  234 |  233 |   38 |  121 |  140 |  211 |  214 |  166 |  209 |   42 |
|   24 |  164 |  149 |  199 |  210 |  250 |   79 |  106 |  158 |  198 |  191 |   13 |  235 |  121 |  227 |   56 |  241 |   55 |  180 |  102 |  218 |  224 |  237 |  218 |   87 |  141 |   65 |  197 |   71 |  135 |  152 |  150 |   49 |
|   25 |   73 |  206 |   61 |  188 |  218 |  220 |   23 |  148 |   19 |  134 |   35 |  119 |  182 |   33 |   43 |   65 |   55 |  159 |  200 |  114 |    5 |  237 |  129 |  165 |   86 |  220 |  254 |  175 |  179 |  125 |  169 |   75 |
|   26 |  194 |  254 |   99 |   37 |  210 |  123 |   53 |  240 |  163 |  227 |   13 |   11 |  106 |   67 |  204 |  202 |  215 |  200 |  219 |   17 |  222 |   81 |  189 |  122 |   52 |  178 |   15 |   10 |  163 |   70 |  237 |  174 |
|   27 |  205 |   40 |  209 |  249 |    8 |   61 |   88 |   81 |  201 |   78 |   66 |   85 |   89 |  169 |   77 |  253 |  119 |  221 |   91 |   37 |  105 |  248 |   36 |   90 |   59 |   76 |  136 |   24 |   75 |  190 |  230 |    1 |
|   28 |  195 |  117 |   81 |   28 |  158 |  186 |   75 |  121 |   34 |  131 |   22 |   84 |   41 |  179 |   19 |  153 |  129 |    7 |  114 |   67 |  254 |  143 |  224 |  220 |  208 |  136 |  188 |   54 |   67 |   90 |   99 |  209 |
|   29 |  127 |   59 |   97 |  202 |  106 |   84 |  199 |   75 |   60 |  154 |  250 |   90 |  104 |  191 |   56 |   37 |  109 |  120 |   77 |   35 |  198 |  117 |   37 |  124 |  104 |   96 |  147 |   82 |   22 |   77 |  137 |   23 |
|   30 |  189 |  237 |    3 |  187 |  176 |  131 |   66 |  182 |  182 |  105 |   80 |    5 |   74 |  222 |  189 |  159 |  156 |   50 |  199 |  219 |  188 |    6 |  105 |  131 |  222 |  140 |   32 |   42 |  191 |   59 |  132 |  225 |
|   31 |   84 |    1 |   53 |   18 |  138 |  148 |  135 |  127 |   42 |   43 |  106 |   70 |  213 |   63 |  127 |  194 |  218 |  109 |   92 |  179 |   80 |  117 |  126 |  157 |  199 |  169 |  177 |  157 |  112 |  142 |   83 |  162 |
+------+------+------+------+------+------+------+------+------+------+------+------+------+------+------+------+------+------+------+------+------+------+------+------+------+------+------+------+------+------+------+------+------+

