[PAT NO. 1015]


[========]
[ Option ]
[========]

[ opt ] 0
[ sigmoid ] [ Zero        ]

[=========]
[ Padding ]
[=========]

[ IMAGE #1 ]

[1]        0        1        2        3        4        5        6     [2]        0        1        2        3        4        5        6     [3]        0        1        2        3        4        5        6     
___________________________________________________________________    ___________________________________________________________________    ___________________________________________________________________    
 0|    0.000    0.000    0.000    0.000    0.000    0.000    0.000      0|    0.000    0.000    0.000    0.000    0.000    0.000    0.000      0|    0.000    0.000    0.000    0.000    0.000    0.000    0.000     
 1|    0.000   -0.500   -0.500   -0.500   -0.500   -0.500    0.000      1|    0.000   -0.500   -0.500   -0.500   -0.500   -0.500    0.000      1|    0.000   -0.500   -0.500   -0.500   -0.500   -0.500    0.000     
 2|    0.000   -0.500   -0.500   -0.500   -0.500   -0.500    0.000      2|    0.000   -0.500   -0.500   -0.500   -0.500   -0.500    0.000      2|    0.000   -0.500   -0.500   -0.500   -0.500   -0.500    0.000     
 3|    0.000   -0.500   -0.500   -0.500   -0.500   -0.500    0.000      3|    0.000   -0.500   -0.500   -0.500   -0.500   -0.500    0.000      3|    0.000   -0.500   -0.500   -0.500   -0.500   -0.500    0.000     
 4|    0.000   -0.500   -0.500   -0.500   -0.500   -0.500    0.000      4|    0.000   -0.500   -0.500   -0.500   -0.500   -0.500    0.000      4|    0.000   -0.500   -0.500   -0.500   -0.500   -0.500    0.000     
 5|    0.000   -0.500   -0.500   -0.500   -0.500   -0.500    0.000      5|    0.000   -0.500   -0.500   -0.500   -0.500   -0.500    0.000      5|    0.000   -0.500   -0.500   -0.500   -0.500   -0.500    0.000     
 6|    0.000    0.000    0.000    0.000    0.000    0.000    0.000      6|    0.000    0.000    0.000    0.000    0.000    0.000    0.000      6|    0.000    0.000    0.000    0.000    0.000    0.000    0.000     


[=====================]
[ Convolution Partial ]
[=====================]

[ IMAGE #1 ]

[kernel channel 1]

[1]        0        1        2        3        4        5     [2]        0        1        2        3        4        5     [3]        0        1        2        3        4        5     
__________________________________________________________    __________________________________________________________    __________________________________________________________    
 0|    0.250    0.500    0.500    0.500    0.500    0.250      0|    0.250    0.500    0.500    0.500    0.500    0.250      0|    0.250    0.500    0.500    0.500    0.500    0.250     
 1|    0.500    1.000    1.000    1.000    1.000    0.500      1|    0.500    1.000    1.000    1.000    1.000    0.500      1|    0.500    1.000    1.000    1.000    1.000    0.500     
 2|    0.500    1.000    1.000    1.000    1.000    0.500      2|    0.500    1.000    1.000    1.000    1.000    0.500      2|    0.500    1.000    1.000    1.000    1.000    0.500     
 3|    0.500    1.000    1.000    1.000    1.000    0.500      3|    0.500    1.000    1.000    1.000    1.000    0.500      3|    0.500    1.000    1.000    1.000    1.000    0.500     
 4|    0.500    1.000    1.000    1.000    1.000    0.500      4|    0.500    1.000    1.000    1.000    1.000    0.500      4|    0.500    1.000    1.000    1.000    1.000    0.500     
 5|    0.250    0.500    0.500    0.500    0.500    0.250      5|    0.250    0.500    0.500    0.500    0.500    0.250      5|    0.250    0.500    0.500    0.500    0.500    0.250     

[kernel channel 2]

[1]        0        1        2        3        4        5     [2]        0        1        2        3        4        5     [3]        0        1        2        3        4        5     
__________________________________________________________    __________________________________________________________    __________________________________________________________    
 0|    0.250    0.500    0.500    0.500    0.500    0.250      0|    0.250    0.500    0.500    0.500    0.500    0.250      0|    0.250    0.500    0.500    0.500    0.500    0.250     
 1|    0.500    1.000    1.000    1.000    1.000    0.500      1|    0.500    1.000    1.000    1.000    1.000    0.500      1|    0.500    1.000    1.000    1.000    1.000    0.500     
 2|    0.500    1.000    1.000    1.000    1.000    0.500      2|    0.500    1.000    1.000    1.000    1.000    0.500      2|    0.500    1.000    1.000    1.000    1.000    0.500     
 3|    0.500    1.000    1.000    1.000    1.000    0.500      3|    0.500    1.000    1.000    1.000    1.000    0.500      3|    0.500    1.000    1.000    1.000    1.000    0.500     
 4|    0.500    1.000    1.000    1.000    1.000    0.500      4|    0.500    1.000    1.000    1.000    1.000    0.500      4|    0.500    1.000    1.000    1.000    1.000    0.500     
 5|    0.250    0.500    0.500    0.500    0.500    0.250      5|    0.250    0.500    0.500    0.500    0.500    0.250      5|    0.250    0.500    0.500    0.500    0.500    0.250     


[=================]
[ Convolution Sum ]
[=================]

[ IMAGE #1 ]

[kernel channel 1]

[1]        0        1        2        3        4        5     
__________________________________________________________    
 0|    0.750    1.500    1.500    1.500    1.500    0.750 
 1|    1.500    3.000    3.000    3.000    3.000    1.500 
 2|    1.500    3.000    3.000    3.000    3.000    1.500 
 3|    1.500    3.000    3.000    3.000    3.000    1.500 
 4|    1.500    3.000    3.000    3.000    3.000    1.500 
 5|    0.750    1.500    1.500    1.500    1.500    0.750 

[kernel channel 2]

[1]        0        1        2        3        4        5     
__________________________________________________________    
 0|    0.750    1.500    1.500    1.500    1.500    0.750 
 1|    1.500    3.000    3.000    3.000    3.000    1.500 
 2|    1.500    3.000    3.000    3.000    3.000    1.500 
 3|    1.500    3.000    3.000    3.000    3.000    1.500 
 4|    1.500    3.000    3.000    3.000    3.000    1.500 
 5|    0.750    1.500    1.500    1.500    1.500    0.750 


[=============]
[ Max pooling ]
[=============]

[ IMAGE #1 ]

[kernel channel 1]

[1]        0        1     
______________________    
 0|    3.000    3.000 
 1|    3.000    3.000 

[kernel channel 2]

[1]        0        1     
______________________    
 0|    3.000    3.000 
 1|    3.000    3.000 


[============]
[ Activation ]
[============]

[ IMAGE #1 ]

[kernel channel 1]

[1]        0        1     
______________________    
 0|    0.953    0.953 
 1|    0.953    0.953 

[kernel channel 2]

[1]        0        1     
______________________    
 0|    0.953    0.953 
 1|    0.953    0.953 


[===============]
[ Fully Connect ]
[===============]

[W]        0        1        2     
_______________________________    
 1|   -3.810   -3.810   -3.810     


[=========]
[ Softmax ]
[=========]

[W]        0        1        2     
_______________________________    
 1|    0.333    0.333    0.333     


[============]
[ Probabilty ]
[============]

[W]        0        1        2     
_______________________________    
 1|    0.333    0.333    0.333     


[============]
[ Error Check]
[============]

[Is Error or not] : 0
[Output]

 0|    0.3333333    0.3333333    0.3333333 

[Error rate flag] : 
[Formula] : |gold - ans| / gold < 0.00500000

 1|    0.0000000    0.0000000    0.0000000 

[Error rate] : |gold - ans|

 2|    0.0000000    0.0000000    0.0000000 

[Error rate] : gold * 0.00500000

 3|    0.0016667    0.0016667    0.0016667 

[Error flag] : 
[Formula] : |float(ans) - float(gold)| < 0.00010000

 4|    0.0000000    0.0000000    0.0000000 


