[ Auto focus ]

[ 2*2 ]
[ Focus window ]
+------+------+------+
|  R-0 |    0 |    1 |
+------+------+------+
|    0 |   70 |   28 |
|    1 |   24 |   74 |
+------+------+------+

+------+------+------+
|  G-1 |    0 |    1 |
+------+------+------+
|    0 |  160 |  160 |
|    1 |  142 |  248 |
+------+------+------+

+------+------+------+
|  B-2 |    0 |    1 |
+------+------+------+
|    0 |  120 |  154 |
|    1 |  212 |  100 |
+------+------+------+

[ Focus grayscale ]
+------+------+------+
| Gray |    0 |    1 |
+------+------+------+
|    0 |  127 |  125 |
|    1 |  130 |  167 |
+------+------+------+

[ Focus horizontal difference ] : 39        
[ Focus vertical difference   ] : 45        
[ Focus normalized difference ] : 21        

[ 4*4 ]
[ Focus window ]
+------+------+------+------+------+
|  R-0 |    0 |    1 |    2 |    3 |
+------+------+------+------+------+
|    0 |  174 |  228 |   62 |   26 |
|    1 |   20 |   70 |   28 |   20 |
|    2 |   72 |   24 |   74 |  190 |
|    3 |  212 |   40 |   48 |   18 |
+------+------+------+------+------+

+------+------+------+------+------+
|  G-1 |    0 |    1 |    2 |    3 |
+------+------+------+------+------+
|    0 |  242 |   64 |   62 |   36 |
|    1 |  240 |  160 |  160 |  228 |
|    2 |  150 |  142 |  248 |  180 |
|    3 |  250 |  222 |   86 |   56 |
+------+------+------+------+------+

+------+------+------+------+------+
|  B-2 |    0 |    1 |    2 |    3 |
+------+------+------+------+------+
|    0 |   48 |  216 |   44 |  158 |
|    1 |   10 |  120 |  154 |  200 |
|    2 |  176 |  212 |  100 |   90 |
|    3 |  176 |  158 |   88 |  148 |
+------+------+------+------+------+

[ Focus grayscale ]
+------+------+------+------+------+
| Gray |    0 |    1 |    2 |    3 |
+------+------+------+------+------+
|    0 |  176 |  143 |   57 |   63 |
|    1 |  127 |  127 |  125 |  169 |
|    2 |  137 |  130 |  167 |  159 |
|    3 |  222 |  160 |   77 |   69 |
+------+------+------+------+------+

[ Focus horizontal difference ] : 376       
[ Focus vertical difference   ] : 599       
[ Focus normalized difference ] : 60        

[ 6*6 ]
[ Focus window ]
+------+------+------+------+------+------+------+
|  R-0 |    0 |    1 |    2 |    3 |    4 |    5 |
+------+------+------+------+------+------+------+
|    0 |    8 |  196 |  126 |  134 |   38 |  106 |
|    1 |  166 |  174 |  228 |   62 |   26 |  206 |
|    2 |   40 |   20 |   70 |   28 |   20 |  172 |
|    3 |   32 |   72 |   24 |   74 |  190 |    6 |
|    4 |   74 |  212 |   40 |   48 |   18 |    4 |
|    5 |    8 |  214 |   28 |  122 |  150 |   26 |
+------+------+------+------+------+------+------+

+------+------+------+------+------+------+------+
|  G-1 |    0 |    1 |    2 |    3 |    4 |    5 |
+------+------+------+------+------+------+------+
|    0 |  132 |  148 |  160 |   62 |  110 |   18 |
|    1 |  180 |  242 |   64 |   62 |   36 |   48 |
|    2 |   70 |  240 |  160 |  160 |  228 |  182 |
|    3 |   66 |  150 |  142 |  248 |  180 |  166 |
|    4 |  148 |  250 |  222 |   86 |   56 |   90 |
|    5 |  164 |   12 |   94 |   28 |  174 |  206 |
+------+------+------+------+------+------+------+

+------+------+------+------+------+------+------+
|  B-2 |    0 |    1 |    2 |    3 |    4 |    5 |
+------+------+------+------+------+------+------+
|    0 |  170 |  170 |  214 |   42 |  252 |  134 |
|    1 |  176 |   48 |  216 |   44 |  158 |    4 |
|    2 |  162 |   10 |  120 |  154 |  200 |  162 |
|    3 |  116 |  176 |  212 |  100 |   90 |  150 |
|    4 |  138 |  176 |  158 |   88 |  148 |   42 |
|    5 |  118 |  120 |   92 |  230 |   20 |   96 |
+------+------+------+------+------+------+------+

[ Focus grayscale ]
+------+------+------+------+------+------+------+
| Gray |    0 |    1 |    2 |    3 |    4 |    5 |
+------+------+------+------+------+------+------+
|    0 |  110 |  165 |  164 |   74 |  127 |   68 |
|    1 |  175 |  176 |  143 |   57 |   63 |   76 |
|    2 |   85 |  127 |  127 |  125 |  169 |  174 |
|    3 |   70 |  137 |  130 |  167 |  159 |  121 |
|    4 |  126 |  222 |  160 |   77 |   69 |   56 |
|    5 |  113 |   89 |   77 |  101 |  129 |  133 |
+------+------+------+------+------+------+------+

[ Focus horizontal difference ] : 1001      
[ Focus vertical difference   ] : 1552      
[ Focus normalized difference ] : 70        

[ Max contrast index / value  ] : 2  / 6 
[ Your max contrast ] : 2 
