[PAT NO.   22]

[set # 6]

[=======]
[ Image ]
[=======]

[image_size / size] : 2 / 16

[0] : R
[1] : G
[2] : B

[0]   0   1   2   3   4   5   6   7   8   9  10  11  12  13  14  15     [1]   0   1   2   3   4   5   6   7   8   9  10  11  12  13  14  15     [2]   0   1   2   3   4   5   6   7   8   9  10  11  12  13  14  15     
____________________________________________________________________    ____________________________________________________________________    ____________________________________________________________________    
 0| 181 105 182  97  23 119  73 180 104  89 211 151 184 125  41 235      0| 211 176 151  97 162 184 126 156 168 179 245 173 163  20 101  65      0|  33 197 160 135  90 173  34 108 136 191   6  69 154 242 200   9     
 1| 212  94  85   8 108  17 164 156 135  91 183 219 142  63 144 148      1|  81 254  90  14 110  52 113  25  12 147  73  68 124 248 111 189      1| 189 146 246  80  59 146 252 244 175  99 247   3 211  62 129 143     
 2| 150  65  16  63  55  75 230 171 136 122  89  74 160 194 248 209      2| 123 232 190 121 229 213  44  48 150  74 121  29 194 237 181 238      2| 141  42 239 132 124 159 254  10 191  23  99 158  45 106  52 106     
 3|  41 166 147  48  98 241 138 121  51 194 211 227 145 183 201  97      3| 117 155  36  34 107 127  99  83   5 123  88 146 146 188 217 105      3| 173  80 165 252 250 210  21 246 114  24 214 198  57  90 186   5     
 4| 230 169  35   9 192 180  32 191 111 248  77  92 220 225 240 205      4| 147 202 137 145  73 249 219  16  58 134 198 178 221  65   2 143      4| 104  81 206 152 119  10  62  33 157  94 230 225  98   0 113 155     
 5|  59  81 128  95 236 129  42 178  36 252 217 128 178 117 191 205      5|  55  20 102 179 147  74  82 118  19 225 141 158  77 200 182 240      5|  26 101 154 155 126 101 110 111  24 245  22 106 202 192  24 148     
 6| 130 238 200 141  39 236 255 100  23  39  86 146 220 122 201 167      6| 181  99 145  58   2  30  83 109  79 125  68 239  36 112 194 170      6|  13  10 150  17  62 167 107 163 154 105 180  82  42 210 181 229     
 7| 228 122  81  18  58 135 168  36 208 172  77 165 156  39 198 140      7|  46  70  25 253 215  29  34  31 107  37  43  21  25 137  21 200      7|  92 107 138  40 115 145 173 188 153  27 186  96 180 157 109 112     
 8|  60 248 144 242  85  71 195 225 114 246 212   8 138  69 112 254      8| 118  90  40  89 187  86 148  81 134 221  18 179  63 244 164 161      8| 208 187  89 150  61  73  68  88  41 166 174 144 240  26 110 103     
 9| 243 214 243  26 242 225  97 133 164  10 107 154 118 144 103  41      9| 235 163 231 146 157 150 241 197  60  66  47   2 220 131  67  59      9| 195 150 226 246   3 180 174  19 225  65 127 114 157  51 196 166     
10| 225  72 197 184 175  46 230  89 106 232 222  52  70  19  12  74     10|  97 240  88  46 150 204 214 157 137 234   7  50  81  91 142 170     10| 253  99 223  39  85 218 193 228 180  26 107 141 146  38  67  25     
11|  48 174  11 162  51 133 233  99   7 232  37   0 219 140 101   8     11| 246  55  56  92 196 106  19 181 170 199  74 198 243  82 194 110     11| 151 177 199 174 202  68 133 130 215 186 216 191 160 225  95  25     
12|  53 242 104 179  14  35  23 198 224  28  67 225 234 203 251 219     12| 250 251 225  79  46 194 138  11 251 131 179 248 241  78 159 213     12| 216 154 171  24 226  93  21 191 157  99  58 152 107  97  18 203     
13|  90 231 248  45 149 130  13  35  87 175  39 207 225  16 187 101     13| 206 165  41 159 162 104  19  22 213 223 233  24  49 170  75  92     13|  24  31  23  85 225 208 127 238  89 111 240 192  83  24 184 132     
14| 245 168  51  20 198 192  63 249 175  70 139  54 198 110 212 216     14| 190 234  62 170 150 145  89  44 116  26  94 234  49 142  46  11     14| 157 142 245  26 183 235 166  60  61 181  35  84  76  73 242  36     
15|  43 251 206 149  39 253 209   3 233  95 212  88  21  40 155  82     15| 235  39 142 245   7 118 184 227 210  75  47   9 229  87 210 216     15| 126 220 104  68 215 253  31  21  60 226 170  70 195 103 130 123     

[==========]
[ Template ]
[==========]

[ ]   0   1   2     
________________    
 0| 128   8 176     
 1|  51  30 182     
 2|  21 131 231     

