[PAT NO. 4999]

[set # 7]

[=======]
[ Image ]
[=======]

[image_size / size] : 1 /  8

[0] : R
[1] : G
[2] : B

[0]   0   1   2   3   4   5   6   7     [1]   0   1   2   3   4   5   6   7     [2]   0   1   2   3   4   5   6   7     
____________________________________    ____________________________________    ____________________________________    
 0| 240  60 200 146 162  25 117 110      0| 173 198 249 137  30 106  37 118      0| 141  26 157  79  83 186 138 203     
 1|  19 167  70  58 248  83  31  77      1| 176  99  40 112  60 189  88  10      1|  76 196 204  78   7 154 130  29     
 2| 103  72  53 150  25  47 254  10      2| 139 122  77  81 191 136 169  55      2|  32  75 124  93 179 196 228 113     
 3| 175 112 202 130 137 164  66 121      3|  34 188  10 225  26 124  96  99      3| 204 127 124 197 115 103 213 127     
 4|  71 128 181 166 151 220 134 234      4|  70  98 148 210  93 121 202  39      4|  89  49  70   7 218 213  16 232     
 5|  90  39 148 137 195 228 242  41      5| 240 107  37 242 160  53  85  82      5|  79 111 113 246  93  49  14  63     
 6| 126 130 199 138 135  56 184 111      6| 222 187 210  31 213 211  24 213      6|  81 166 134 174  30   0 133 237     
 7| 176  27 160 184 137  54   0  31      7| 140  28 187  29 232  74 176 134      7|  26 159  49 105  21 151  76 252     

[==========]
[ Template ]
[==========]

[ ]   0   1   2     
________________    
 0| 214  94 214     
 1|  56 160 105     
 2| 159 186 219     

