[ Auto focus ]

[ 2*2 ]
[ Focus window ]
+------+------+------+
|  R-0 |    0 |    1 |
+------+------+------+
|    0 |    5 |    2 |
|    1 |  187 |   24 |
+------+------+------+

+------+------+------+
|  G-1 |    0 |    1 |
+------+------+------+
|    0 |  247 |   14 |
|    1 |   25 |  242 |
+------+------+------+

+------+------+------+
|  B-2 |    0 |    1 |
+------+------+------+
|    0 |  155 |  172 |
|    1 |  147 |  116 |
+------+------+------+

[ Focus grayscale ]
+------+------+------+
| Gray |    0 |    1 |
+------+------+------+
|    0 |  162 |   50 |
|    1 |   94 |  156 |
+------+------+------+

[ Focus horizontal difference ] : 174       
[ Focus vertical difference   ] : 174       
[ Focus normalized difference ] : 87        

[ 4*4 ]
[ Focus window ]
+------+------+------+------+------+
|  R-0 |    0 |    1 |    2 |    3 |
+------+------+------+------+------+
|    0 |  173 |  129 |   43 |  211 |
|    1 |  246 |    5 |    2 |  165 |
|    2 |   34 |  187 |   24 |  204 |
|    3 |  184 |   11 |  202 |  115 |
+------+------+------+------+------+

+------+------+------+------+------+
|  G-1 |    0 |    1 |    2 |    3 |
+------+------+------+------+------+
|    0 |   23 |   21 |  129 |   82 |
|    1 |   66 |  247 |   14 |  133 |
|    2 |  100 |   25 |  242 |   98 |
|    3 |  168 |  250 |  119 |   36 |
+------+------+------+------+------+

+------+------+------+------+------+
|  B-2 |    0 |    1 |    2 |    3 |
+------+------+------+------+------+
|    0 |  216 |   86 |  150 |   13 |
|    1 |   39 |  155 |  172 |  100 |
|    2 |   87 |  147 |  116 |  107 |
|    3 |  236 |   57 |   85 |  209 |
+------+------+------+------+------+

[ Focus grayscale ]
+------+------+------+------+------+
| Gray |    0 |    1 |    2 |    3 |
+------+------+------+------+------+
|    0 |  108 |   63 |  111 |   96 |
|    1 |  103 |  162 |   50 |  132 |
|    2 |   79 |   94 |  156 |  126 |
|    3 |  189 |  141 |  130 |   98 |
+------+------+------+------+------+

[ Focus horizontal difference ] : 559       
[ Focus vertical difference   ] : 616       
[ Focus normalized difference ] : 73        

[ 6*6 ]
[ Focus window ]
+------+------+------+------+------+------+------+
|  R-0 |    0 |    1 |    2 |    3 |    4 |    5 |
+------+------+------+------+------+------+------+
|    0 |   14 |  142 |   85 |  117 |   90 |   17 |
|    1 |  205 |  173 |  129 |   43 |  211 |  215 |
|    2 |   70 |  246 |    5 |    2 |  165 |  172 |
|    3 |  177 |   34 |  187 |   24 |  204 |    7 |
|    4 |   94 |  184 |   11 |  202 |  115 |  211 |
|    5 |   20 |   10 |  125 |  114 |  202 |   94 |
+------+------+------+------+------+------+------+

+------+------+------+------+------+------+------+
|  G-1 |    0 |    1 |    2 |    3 |    4 |    5 |
+------+------+------+------+------+------+------+
|    0 |  188 |  132 |  187 |   42 |   37 |  243 |
|    1 |   17 |   23 |   21 |  129 |   82 |  167 |
|    2 |   82 |   66 |  247 |   14 |  133 |  233 |
|    3 |   46 |  100 |   25 |  242 |   98 |  213 |
|    4 |   93 |  168 |  250 |  119 |   36 |   54 |
|    5 |  232 |  159 |  115 |  245 |   75 |    3 |
+------+------+------+------+------+------+------+

+------+------+------+------+------+------+------+
|  B-2 |    0 |    1 |    2 |    3 |    4 |    5 |
+------+------+------+------+------+------+------+
|    0 |  177 |    6 |  155 |   10 |  118 |  178 |
|    1 |  104 |  216 |   86 |  150 |   13 |  250 |
|    2 |   26 |   39 |  155 |  172 |  100 |  202 |
|    3 |   88 |   87 |  147 |  116 |  107 |    6 |
|    4 |  253 |  236 |   57 |   85 |  209 |   65 |
|    5 |  215 |  132 |  214 |   31 |  190 |  174 |
+------+------+------+------+------+------+------+

[ Focus grayscale ]
+------+------+------+------+------+------+------+
| Gray |    0 |    1 |    2 |    3 |    4 |    5 |
+------+------+------+------+------+------+------+
|    0 |  141 |  102 |  152 |   52 |   69 |  169 |
|    1 |   85 |  108 |   63 |  111 |   96 |  198 |
|    2 |   64 |  103 |  162 |   50 |  132 |  209 |
|    3 |   89 |   79 |   94 |  156 |  126 |  108 |
|    4 |  132 |  189 |  141 |  130 |   98 |   95 |
|    5 |  174 |  114 |  141 |  157 |  134 |   67 |
+------+------+------+------+------+------+------+

[ Focus horizontal difference ] : 1387      
[ Focus vertical difference   ] : 1304      
[ Focus normalized difference ] : 74        

[ Max contrast index / value  ] : 0  / 2 
[ Your max contrast ] : 0 
